image_width: 640
image_height: 480
camera_name: usb_cam
camera_matrix:
  rows: 3
  cols: 3
  data: [422.037858, 0.000000, 245.895397, 0.000000, 435.589734, 163.625535, 0.000000, 0.000000, 1.000000]
distortion_model: plumb_bob
distortion_coefficients:
  rows: 1
  cols: 5
  data: [-0.289296, 0.061035, 0.001786, 0.015238, 0.000000]
rectification_matrix:
  rows: 3
  cols: 3
  data: [1.000000, 0.000000, 0.000000, 0.000000, 1.000000, 0.000000, 0.000000, 0.000000, 1.000000]
projection_matrix:
  rows: 3
  cols: 4
  data: [333.094543, 0.000000, 229.784726, 0.000000, 0.000000, 372.516754, 146.696473, 0.000000, 0.000000, 0.000000, 1.000000, 0.000000]
