image_width: 640
image_height: 480
camera_name: usb_cam
camera_matrix:
  rows: 3
  cols: 3
  data: [360.651415, 0.000000, 327.857988, 0.000000, 359.725042, 223.538133, 0.000000, 0.000000, 1.000000]
distortion_model: plumb_bob
distortion_coefficients:
  rows: 1
  cols: 5
  data: [-0.317637, 0.088627, -0.001778, 0.000724, 0.000000]
rectification_matrix:
  rows: 3
  cols: 3
  data: [1.000000, 0.000000, 0.000000, 0.000000, 1.000000, 0.000000, 0.000000, 0.000000, 1.000000]
projection_matrix:
  rows: 3
  cols: 4
  data: [266.910431, 0.000000, 327.634803, 0.000000, 0.000000, 297.665588, 214.373630, 0.000000, 0.000000, 0.000000, 1.000000, 0.000000]
